6421
10842
5390
27184
8821
31056
4277
19302
7743
92105
3361
64829
5002
11287
8490
45612
2239
30784
9155
55012
1843
72194
6607
13988
4920
80432
3511
26751
7039
94200
5812
15673
8924
40321
2190
55812
7344
10934
6128
88431
3295
22019
9562
60312
1477
41893
8230
33501
5066
12744
7912
90231
2845
66102
4389
19403
5520
37281
9104
82034
1377
50422
6891
29384
2250
11903
7431
60214
4822
38592
9012
72109
5631
15423
8120
40912
3744
22841
6093
91302
1755
55041
4832
29481
7120
60392
3491
11045
8233
77210
5049
41032
9522
22841
1630
60421
7812
33094
4277
91023
5561
15842
8039
27401
2194
66302
4921
81043
7355
12904
3061
55421
8822
40129
2733
92104
6150
33812
4944
70231
1156
81042
5921
22493
7031
44012
8522
19304
3712
60123
9155
55841
4066
12934
7821
33042
2910
77123
6155
40291
1833
85012
5044
22943
9102
60314
4377
15822
7190
33401
2812
90214
5531
11843
8244
40392
6011
22741
7930
55102
1455
92304
3721
66012
8103
49231
2244
15042
7311
88401
5062
33129
9140
60321
4822
19543
7120
22041
5533
81420
3755
40123
9012
66214
2844
15902
7031
33841
4166
82012
5911
11432
2250
77014
4390
92103
6122
55341
8044
18231
3710
40612
9522
22904
7133
60421
1488
81502
3211
55231
7844
19012
4922
22743
6031
33402
8120
77194
1555
90213
4122
55840
7039
11204
8241
60392
3711
22541
9103
40922
5066
18304
7321
29402
4812
88123
6155
55014
1290
77231
4033
90421
2212
66304
3755
15123
8140
49012
7131
22841
5022
33042
9155
60231
1466
82104
7831
29502
4322
11841
6090
55214
3712
90302
2244
15812
7133
40421
8211
66340
5092
19123
7355
22041
8102
55943
4311
11502
7044
88231
2910
60124
3755
15922
9130
40841
2266
77103
5542
18321
8144
66023
4911
22754
3022
15041
7329
92104