724915
103852
847291
336104
928475
610293
558421
110472
739201
448293
815023
294716
663842
120593
904827
372105
556124
819304
402917
728461
159203
884729
301462
662910
418572
930214
557483
112940
803921
472159
610428
229481
738192
550624
918273
104827
849201
337194
612845
220493
719304
448291
902381
156102
818472
293841
660124
128472
903821
371059
558123
814902
403918
721846
150293
883742
309124
661029
417284
938102
554721
110394
802819
471203
619384
228104
730291
554823
910283
103942
841029
336481
612093
229104
718423
440291
901842
153902
812943
290184
664821
123904
902841
370192
553812
810492
409123
720381
154829
881023
304912
662104
419382
930481
551029
114823
801942
470391
618234
221049
739102
552841
914023
102934
840192
331048
614829
220391
710284
449102
903841
152903
814029
291834
660482
129034
901284
374910
552031
819402
401293
724810
150392
882104
309482
661290
410384
932104
554921
110283
804912
472039
610384
229104
731048
554029
918423
103842
849012
337481
612903
228410
710392
441029
908423
150492
813904
294812
662093
120481
903924
371048
559210
814823
402931
728104
159402
881293
304821
669102
412843
930491
551048
113902
802841
471029
614832
220194
739482
550123
914823
102941
843912
330482
619203
221049
714823
440392
901284
154910
810394
294821
662103
129482
903810
370291
554823
819042
401834
729041
152843
884910
301294
660381
419402
931024
552841
114902
803814
472910
610482
229304
738102
554923
910384
104921
841039
336124
612940
221843
719402
440391
902841
154823
810492
293810
662941
120394
904821
371290
558432
819024
403912
724810
150942
883104
304921
661283
410492
932841
554102
119304
802841
471039
614920
220481
739102
550483
912940
103821
849102
337491
612034
228491
710283
441940
908231
150394
814820
293041
662194
120483
903912
371840
559042
814231
402910
728491
159023
881432
304910
669284
412039
930481
551942
113028
804913
471028
614839
220491
739104
550283
914802
102943
843102
330491
619024
221483
714902
440283
901942
154039
810294
294813
662104
129403
903821
370492
554810
819423
401284
729031
152841
884102
301943
660281
419034
931284
552049
114832
803912
472841
610394
229401
738124
554903
910284
104932
841290
336481
612904
221039
719482
440293
902184
154892
810349
293841
662910
120483
904129
371904
558231