83729501462
102948573619
559382710462
774839201564
110394857261
9048372615432
4492810375618
6629104837510
1283746509123
9302817465392
3710294857610
5584930217461
8192038475612
4029381746510
7281930485761
1592038475610
8847291038475
3019482736105
6629104837561
4185729304817
9302148576102
5574839201461
1129403857612
8039217465039
4721593847561
6104283957612
2294810375614
7381920348576
5506241938475
9182736450192
10482736591024
84920183746510
33719482017364
61284593021847
22049381726354
71930485761203
44829103746519
90238174650123
15610293847561
81847293041857
29384102938475
66012483957210
12847293018475
90382174650192
37105948372615
55812304918273
81490273645102
40391827364501
72184650192837
15029384756102
88374291038475
30912483756102
66102938475610
41728493021847
93810273645019
55472103948576
11039482736154
80281937465012
47120384756192
61938475610293
22810493857610
73029184756103
55482301948576
91028374650192
10394285761039
84102938475610
33648102938475
61209384756102
22910483756192
71842301948576
44029183746510
90184273645019
15390284756102
81294375610293
29018475610293
66482103948576
12390485761029
90284173645019
37019284756102
55381204938576
81049273645019
40912384756102
72038194756102
15482930475610
88102394857610
30491283746510
66210493857610
41938271046539
93048172635401
55102938475610
11482390485761
80194273645019
47039184756102
61823495018273
22104938576102
73910284756103
55284103948576
91402384756102
10293485761039
84019273645019
33104827361542
61482930475610
22039184756102
71028493756102
44910283746510
90384172635401
15290384756102
81402937465019
29183475610293
66048219374560
12903485761029
90128473645019
37491028374651
55203194857610
81940273645019
40129384756102
72481039485761
15039284756102
88210493756102
30948273615420
66129038475610
41038472635410
93210485761029
55492103847561
11028374650192
80491273645019
47203918475610
61038472635410
22910483756102
73104829374651
55402938475610
91842301948576
10384275610394
84901273645019
33748102938475
61290384756102
22841039485761
71039284756102
44102938475610
90842371625340
15049283746510
81390472635410
29481203948576
66209384756102
12048193746510
90392481726354
37104829374651
55921038475610
81482390475612
40293184756102
72810493857610
15940283746510
88129304857610
30482173645019
66910283746510
41284372615409
930491827364510
551048293746510
113902847561029
802841736450192
471029384756102
614832726354109
220194837561024
739482710384561
550123948576102
914823049182736
102941837465019
843912736450192
330482716354019
619203847561023
221049385761024
714823904857610
440392817364510
901284736501924
154910283746510
810394726354109
294821039485761
662103847561029
129482736450192
903810273645019
370291847561023
554823019485761
819042736450192
401834726354109
729041837465102
152843904756102
884910273645019
301294837561024
660381726354109
419402837465102
931024857610293
552841039485761
114902837465019
803814726354109
472910384756102
610482736450192
229304817263541
738102934857610
554923018475610
910384726354109
104921837465019
841039274650192
336124837561029
612940384756102
221843726354109
719402837465102
440391827364510
902841736450192
154823019485761
810492736450192
293810475610293
662941038475610
120394857610293
904821736450192
371290483756102
558432109485761
819024736450192
403912837465102
724810394857610
150942837465102
883104927364510
304921837465102
661283746501924
410492837465102
932841726354019
554102938475610
119304857610293
802841736450192
471039284756102
614920384756102
220481937465102
739102847561029
550483912746510
912940384756102
103821746501928
849102736450192
337491820384756
612034958273614
228491037561429
710283746501924
441940385761203
908231746501928
150394827361542
814820394756102
293041837465019
662194837561029
120483726154093
903912847561024
371840293847561
559042837465102
814231726354109
402910384756102
728491037561420
159023847561024
881432726354109
304910283746510
669284736501924
412039284756102
930481726354109
551942837465102
113028475610293
804913726354109
471028374651029
614839271038456
220491837465102
739104827361542
550283714650192
914802736450192
102943857610294
843102736450192
330491827365410
619024837561029
221483726354109
714902837465102
440283716253409
901942837465102
154039284756102
810294736501924
294813726354109
662104837561029
129403857610294
903821746501923
370492837465102
554810293847561
819423710384561
401284736501924
729031847561023
152841039485761
884102736450192
301943857610294
660281736501924
419034827361540
931284716253409
552049385761024
114832716253409
803912847561029
472841039485761
610394827361540
229401837465102
738124950381647
554903827164053
910284736591024
104932857614039
841290384756102
336481029384756
612904837561029
221039485761024
719482736105492
440293817263540
902184736501924
154892736105429
810349271635409
293841029384756
662910483756102
120483716253409
904129385761024
371904827361540
558231049283756